function [data y] = klein(prob, data, u) %#ok<INUSL>
%KLEIN   COCO-compatible encoding of klein zero function.

x1 = u(1);
x2 = u(2);
x3 = u(3);

y = -1-4*x2*x3^2*x1^2-2*x2+6*x3^2*x1^2*x2^2-16*x1*x3+16*x1*x3*x2^2+...
  3*x1^2+7*x2^2+11*x3^2-11*x3^4+x3^6-3*x1^4-7*x2^4+x1^6+x2^6-...
  14*x3^2*x1^2-18*x3^2*x2^2+3*x3^4*x1^2+3*x3^4*x2^2-10*x1^2*x2^2-...
  4*x2^3*x3^2+3*x3^2*x1^4+3*x3^2*x2^4+16*x1^3*x3+3*x1^4*x2^2+...
  3*x1^2*x2^4+4*x1^2*x2-12*x3^2*x2-2*x1^4*x2-4*x1^2*x2^3-2*x3^4*x2+...
  16*x1*x3^3+12*x2^3-2*x2^5-32*x1*x3*x2;

end
